163
123
103
44
84
158
73
197
139
4
18
1
27
165
132
6
133
173
23
141
22
97
125
166
62
114
183
127
71
58
17
16
83
90
156
179
11
98
113
171
32
155
149
153
188
189
143
126
178
93
88
8
101
191
184
56
14
192
70
108
82
100
39
136
30
13
102
66
92
120
60
146
195
45
134
95
10
142
19
148
152
79
51
96
34
35
46
42
112
118
137
65
129
54
190
72
107
182
167
138
175
57
41
24
7
144
147
172
68
89
164
176
38
48
154
61
161
122
159
119
128
55
174
2
145
20
94
5
140
124
28
3
194
91
47
15
67
150
9
75
180
29
199
117
31
21
106
131
78
109
40
193
121
43
181
77
81
104
49
37
198
177
69
105
130
36
160
86
99
85
111
12
162
116
26
187
110
50
52
64
115
74
196
168
157
186
53
169
80
33
135
63
151
59
185
170
25
87
76
